total object load time :0.000498
initial function evaluation time :0.276909
sameple id : 0
t1 = [0, 2, 4, 6, 8, 10] 
q1 = [0.41247484909456744, 0.4120603015075377, 0.4120603015075377, 0.41916167664670656, 0.4285714285714286, 0.46139180171591987] 
t2 = [0, 2, 4, 6, 8] 
q2 = [0.41247484909456744, 0.4120603015075377, 0.4120603015075377, 0.42, 0.42418235877106053] 
t3 = [0, 2.0877630710601807, 4.0693840980529785, 6.009642124176025, 8.035455465316772, 10.076861381530762] 
q3 = [0.41247484909456744, 0.42231075697211157, 0.4285714285714286, 0.45829338446788115, 0.47502356267672, 0.500459981600736] 
t4 = [0, 2, 4, 6, 8, 10, 12, 14, 16] 
q4 = [0.41247484909456744, 0.42273180458624127, 0.42729970326409494, 0.43503937007874016, 0.44031311154598823, 0.4476744186046511, 0.4768211920529801, 0.5181818181818181, 0.5491228070175439] 
average initial predicate evaluation time :0.000498
for progressive score, storing all time values and quality values
t1 = [0, 2, 4, 6, 8, 10] 
q1 = [0.41247484909456744, 0.4120603015075377, 0.4120603015075377, 0.41916167664670656, 0.4285714285714286, 0.46139180171591987] 
t2 = [0, 2, 4, 6, 8] 
q2 = [0.41247484909456744, 0.4120603015075377, 0.4120603015075377, 0.42, 0.42418235877106053] 
t3 = [0, 2.0877630710601807, 4.0693840980529785, 6.009642124176025, 8.035455465316772, 10.076861381530762] 
q3 = [0.41247484909456744, 0.42231075697211157, 0.4285714285714286, 0.45829338446788115, 0.47502356267672, 0.500459981600736] 
t4 = [0, 2, 4, 6, 8, 10, 12, 14, 16] 
q4 = [0.41247484909456744, 0.42273180458624127, 0.42729970326409494, 0.43503937007874016, 0.44031311154598823, 0.4476744186046511, 0.4768211920529801, 0.5181818181818181, 0.5491228070175439] 
score of baseline1 = 0.014174, score of baseline2 = 0.004601, 
score of our approach = 0.044457, score of random approach = 0.052173, 
Gain score of baseline1 = 0.103415, score of baseline2 = 0.033568, 
score of our approach = 0.324355, score of random approach = 0.380652, 
